(0, 0): 0, 
     
     (1, 1): 1.5, 
     (2, 2): 3.0, 
     (3, 3): 4.5, 
     
     (4, 4): 6.0, 
     (5, 5): 7.5, 
     (6, 6): 9.0, 
     (7, 7): 10.5, 
     (8, 8): 12.0, 
     (9, 9): 13.5, 
     (10, 10): 15.0, 
     (11, 11): 16.5, 
     (12, 12): 18.0, 
     (13, 13): 19.5, 
     (14, 14): 21.0, 
     (15, 15): 22.5, 
     (16, 16): 24.0, 
     (17, 17): 26.25, 
     (18, 18): 27.75, 
     (19, 19): 29.25, 
     (20, 20): 30.75, 
     (21, 21): 32.25, 
     (22, 22): 33.75, 
     (23, 23): 35.25, 
     (24, 24): 36.75, 
     (25, 25): 38.25, 
     (26, 26): 39.75, 
     (27, 27): 41.25, 
     (28, 28): 42.75, 
     (29, 29): 45.75, 
     (30, 30): 47.25, 
     (31, 31): 48.75, 
     (32, 32): 50.25, 
     (33, 33): 51.75, 
     (34, 33): 52.75, 
     (35, 33): 53.75, 
     (36, 33): 54.75, 
     (37, 33): 55.75, 
     (38, 33): 56.75, 
     (39, 33): 57.75, 
     (40, 33): 60.75, 
     (41, 33): 61.75, 
     (42, 33): 62.75, 
     (43, 33): 63.75, 
     (44, 33): 64.75, 
     (45, 33): 65.75, 
     (46, 33): 66.75, 
     (47, 33): 67.75, 
     (48, 33): 68.75, 
     (48, 32): 69.25, 
     (48, 31): 70.25, 
     (48, 30): 71.25, 
     (48, 29): 72.25, 
     (48, 28): 73.25, 
     (48, 27): 74.25, 
     (48, 26): 75.25, 
     (48, 25): 76.25, 
     (48, 24): 77.25, 
     (48, 23): 78.25, 
     (48, 22): 79.25, 
     (48, 21): 80.25, 
     (48, 20): 81.25, 
     (49, 19): 82.75, 
     (50, 20): 84.25, 
     (51, 21): 85.75, 
     (52, 22): 87.25, 
     (53, 23): 88.75, 
     (54, 24): 90.25, 
     (55, 25): 91.75, 
     (56, 26): 93.25, 
     (57, 27): 94.75, 
     (58, 28): 96.25, 
     (59, 29): 97.75, 
     (60, 30): 99.25, 
     (61, 31): 100.75, 
     (62, 32): 102.25, 
     (63, 33): 103.75, 
     (63, 32): 103.25, 
     (63, 31): 103.25, 
     (63, 30): 103.25, 
     (63, 29): 104.75, 
     (63, 28): 106.25, 
     (63, 27): 107.75, 
     (63, 26): 108.75, 
     (63, 25): 109.75, 
     (63, 24): 110.75, 
     (63, 23): 111.75, 
     (63, 22): 112.75, 
     (63, 21): 112.25, 
     (63, 20): 110.75, 
     (63, 19): 110.75, 
     (63, 18): 110.75, 
     (63, 17): 111.75, 
     (63, 16): 112.75, 
     (63, 15): 113.75, 
     (63, 14): 114.75, 
     (63, 13): 115.75, 
     (63, 12): 116.75, 
     (63, 11): 117.75, 
     (63, 10): 118.75, 
     (63, 9): 122.75, 
     (63, 8): 121.75, 
     (63, 7): 121.75, 
     (63, 6): 123.25, 
     (63, 5): 124.75, 
     (63, 4): 125.75, 
     (63, 3): 126.75, 
     (63, 2): 127.75, 
     (63, 1): 128.75, 
     (63, 0): 129.75, (63
     , -1): 130.75, (63
     , -2): 133.25, (63
     , -3): 133.75, (63
     , -4): 133.75, (63
     , -5): 135.25, (63
     , -6): 136.75, (63
     , -7): 137.75, (63
     , -8): 138.75, (63
     , -9): 139.75, (63
     , -10): 140.75, (63
     , -11): 141.75, (63
     , -12): 142.75, (63
     , -13): 144.5, (63
     , -14): 145.5, (63
     , -15): 145.75, (63
     , -16): 147.25, (63
     , -17): 148.25, (63
     , -18): 149.25, (63
     , -19): 150.25, (63
     , -20): 151.25, (63
     , -21): 152.25, (63
     , -22): 153.25, (63
     , -23): 154.25, (63
     , -24): 155.25, (63
     , -25): 156.25, (63
     , -26): 157.25, (63
     , -27): 158.25, (63
     , -28): 159.25, (63
     , -29): 160.25, (63
     , -30): 161.25, (63
     , -31): 162.25, (63
     , -32): 163.25, (63
     , -33): 164.25, (63
     , -34): 165.25, (63
     , -35): 166.25, (63
     , -36): 167.25, (63
     , -37): 168.25, (63
     , -38): 169.25, (63
     , -39): 170.25, (63
     , -40): 171.25, (63
     , -41): 172.25, (63
     , -42): 173.75, (62
     , -42): 173.75, (62
     , -41): 172.25, (62
     , -40): 170.75, (62
     , -39): 169.75, (62
     , -38): 168.75, (62
     , -37): 167.75, (62
     , -36): 166.75, (62
     , -35): 165.75, (62
     , -34): 164.75, (62
     , -33): 163.75, (62
     , -32): 162.75, (62
     , -31): 161.75, (62
     , -30): 160.75, (62
     , -29): 159.75, (62
     , -28): 158.75, (62
     , -27): 157.75, (62
     , -26): 156.75, (62
     , -25): 155.75, (62
     , -24): 154.75, (62
     , -23): 153.75, (62
     , -22): 152.75, (62
     , -21): 151.75, (62
     , -20): 150.75, (62
     , -19): 149.75, (62
     , -18): 148.75, (62
     , -17): 147.75, (62
     , -16): 146.75, (62
     , -15): 145.75, (62
     , -14): 144.25, (62
     , -13): 144.0, (62
     , -12): 142.25, (62
     , -11): 141.25, (62
     , -10): 140.25, (62
     , -9): 139.25, (62
     , -8): 138.25, (62
     , -7): 137.25, (62
     , -6): 136.25, (62
     , -5): 135.25, (62
     , -4): 133.75, (62
     , -3): 132.25, (62
     , -2): 132.75, (62
     , -1): 130.25, 
     (62, 0): 129.25, 
     (62, 1): 128.25, 
     (62, 2): 127.25, 
     (62, 3): 126.25, 
     (62, 4): 125.25, 
     (62, 5): 124.25, 
     (62, 6): 123.25, 
     (62, 7): 121.75, 
     (62, 8): 120.25, 
     (62, 9): 122.25, 
     (62, 10): 118.25, 
     (62, 11): 117.25, 
     (62, 12): 116.25, 
     (62, 13): 115.25, 
     (62, 14): 114.25, 
     (62, 15): 113.25, 
     (62, 16): 112.25, 
     (62, 17): 111.25, 
     (62, 18): 110.25, 
     (62, 19): 109.25, 
     (61, 18): 109.75, 
     (61, 19): 108.75, 
     (61, 20): 107.75, 
     (61, 21): 106.75, 
     (61, 22): 105.75, 
     (61, 23): 104.75, 
     (61, 24): 103.75, 
     (61, 25): 102.75, 
     (61, 26): 101.75, 
     (61, 27): 100.75, 
     (61, 28): 100.25, 
     (61, 29): 100.25, 
     (61, 30): 100.25, 
     (62, 31): 101.75, 
     (60, 29): 98.75, 
     (60, 28): 99.25, 
     (60, 27): 100.25, 
     (60, 26): 101.25, 
     (60, 25): 102.25, 
     (60, 24): 103.25, 
     (60, 23): 104.25, 
     (60, 22): 105.25, 
     (60, 21): 106.25, 
     (60, 20): 107.25, 
     (60, 19): 108.25, 
     (60, 18): 109.25, 
     (61, 17): 110.75, 
     (61, 16): 111.75, 
     (61, 15): 112.75, 
     (61, 14): 113.75, 
     (61, 13): 114.75, 
     (61, 12): 115.75, 
     (61, 11): 116.75, 
     (61, 10): 117.75, 
     (61, 9): 118.75, 
     (61, 8): 121.25, 
     (61, 7): 121.75, 
     (61, 6): 122.75, 
     (61, 5): 123.75, 
     (61, 4): 124.75, 
     (61, 3): 125.75, 
     (61, 2): 126.75, 
     (61, 1): 127.75, 
     (61, 0): 128.75, (61
     , -1): 129.75, (61
     , -2): 130.75, (61
     , -3): 132.25, (61
     , -4): 133.75, (61
     , -5): 134.75, (61
     , -6): 135.75, (61
     , -7): 136.75, (61
     , -8): 137.75, (61
     , -9): 138.75, (61
     , -10): 139.75, (61
     , -11): 140.75, (61
     , -12): 141.75, (61
     , -13): 142.75, (61
     , -14): 144.25, (61
     , -15): 145.25, (61
     , -16): 146.25, (61
     , -17): 147.25, (61
     , -18): 148.25, (61
     , -19): 149.25, (61
     , -20): 150.25, (61
     , -21): 151.25, (61
     , -22): 152.25, (61
     , -23): 153.25, (61
     , -24): 154.25, (61
     , -25): 155.25, (61
     , -26): 156.25, (61
     , -27): 157.25, (61
     , -28): 158.25, (61
     , -29): 159.25, (61
     , -30): 160.25, (61
     , -31): 161.25, (61
     , -32): 162.25, (61
     , -33): 163.25, (61
     , -34): 164.25, (61
     , -35): 165.25, (61
     , -36): 166.25, (61
     , -37): 167.25, (61
     , -38): 168.25, (61
     , -39): 169.25, (61
     , -40): 171.25, (61
     , -41): 172.25, (61
     , -42): 173.75, (61
     , -43): 175.25, (62
     , -44): 176.75, (63
     , -44): 177.75, (63
     , -45): 178.25, (63
     , -46): 179.25, (63
     , -47): 180.25, (63
     , -48): 181.25, (63
     , -49): 182.25, (63
     , -50): 183.25, (63
     , -51): 184.25, (63
     , -52): 185.25, (63
     , -53): 185.875, (63
     , -54): 186.5, (63
     , -55): 187.5, (63
     , -56): 188.25, (63
     , -57): 189.25, (63
     , -58): 190.5, (63
     , -59): 191.75, (63
     , -60): 193.25, (62
     , -60): 193.0, (62
     , -59): 191.75, (62
     , -58): 190.125, (62
     , -57): 189.375, (62
     , -56): 187.875, (62
     , -55): 187.125, (62
     , -54): 186.375, (62
     , -53): 185.375, (62
     , -52): 184.75, (62
     , -51): 183.75, (62
     , -50): 182.75, (62
     , -49): 181.75, (62
     , -48): 180.75, (62
     , -47): 179.75, (62
     , -46): 178.75, (62
     , -45): 177.75, (61
     , -46): 178.25, (61
     , -45): 177.25, (61
     , -44): 176.25, (60
     , -45): 176.75, (60
     , -44): 175.75, (60
     , -43): 174.75, (60
     , -42): 173.75, (60
     , -41): 172.75, (60
     , -40): 171.25, (60
     , -39): 169.75, (59
     , -40): 171.25, (59
     , -39): 170.75, (58
     , -40): 172.25, (58
     , -39): 171.75, (59
     , -41): 172.25, (59
     , -42): 173.25, (59
     , -43): 174.25, (59
     , -44): 175.25, (59
     , -45): 176.25, (60
     , -46): 177.75, (61
     , -47): 179.25, (61
     , -48): 180.25, (61
     , -49): 181.25, (61
     , -50): 182.25, (61
     , -51): 183.25, (61
     , -52): 184.25, (61
     , -53): 185.25, (61
     , -54): 186.0, (61
     , -55): 186.75, (61
     , -56): 187.5, (61
     , -57): 188.25, (61
     , -58): 189.5, (61
     , -59): 190.75, (61
     , -60): 192.25, (60
     , -60): 193.0, (60
     , -59): 191.375, (60
     , -58): 190.125, (60
     , -57): 188.625, (60
     , -56): 187.875, (60
     , -55): 187.125, (60
     , -54): 186.375, (60
     , -53): 185.375, (60
     , -52): 184.75, (60
     , -51): 183.75, (60
     , -50): 182.75, (60
     , -49): 181.75, (60
     , -48): 180.25, (60
     , -47): 178.75, (59
     , -48): 180.25, (59
     , -47): 178.75, (59
     , -46): 177.25, (58
     , -47): 178.75, (58
     , -46): 177.75, (58
     , -45): 176.75, (58
     , -44): 175.75, (58
     , -43): 174.75, (58
     , -42): 173.75, (58
     , -41): 172.75, (58
     , -48): 179.75, (59
     , -49): 181.25, (59
     , -50): 182.25, (59
     , -51): 183.25, (59
     , -52): 184.25, (59
     , -53): 185.25, (59
     , -54): 186.0, (59
     , -55): 186.75, (59
     , -56): 187.5, (59
     , -57): 188.25, (59
     , -58): 189.5, (59
     , -59): 190.75, (59
     , -60): 192.25, (58
     , -60): 193.0, (58
     , -59): 191.375, (58
     , -58): 190.125, (58
     , -57): 188.625, (58
     , -56): 187.875, (58
     , -55): 187.125, (58
     , -54): 186.375, (58
     , -53): 185.375, (58
     , -52): 184.75, (58
     , -51): 183.75, (58
     , -50): 182.25, (58
     , -49): 180.75, (57
     , -50): 182.25, (57
     , -51): 183.25, (57
     , -52): 184.25, (57
     , -53): 185.25, (57
     , -54): 186.0, (57
     , -55): 186.75, (57
     , -56): 187.5, (57
     , -57): 188.25, (57
     , -58): 189.5, (57
     , -59): 190.75, (57
     , -60): 192.25, (56
     , -60): 193.0, (56
     , -59): 191.375, (56
     , -58): 190.125, (56
     , -57): 188.625, (56
     , -56): 187.875, (56
     , -55): 187.125, (56
     , -54): 186.375, (56
     , -53): 185.75, (56
     , -52): 184.75, (56
     , -51): 183.75, (56
     , -50): 183.25, (55
     , -51): 184.75, (55
     , -52): 185.25, (55
     , -53): 186.25, (55
     , -54): 186.875, (55
     , -55): 187.5, (55
     , -56): 188.25, (55
     , -57): 189.0, (55
     , -58): 190.25, (55
     , -59): 191.5, (55
     , -60): 193.0, (54
     , -60): 193.75, (54
     , -59): 192.125, (54
     , -58): 190.875, (54
     , -57): 189.375, (54
     , -56): 188.625, (54
     , -55): 188.0, (54
     , -54): 187.375, (54
     , -53): 186.75, (54
     , -52): 186.25, (54
     , -51): 185.75, (53
     , -52): 187.25, (53
     , -51): 186.75, (52
     , -52): 188.25, (52
     , -51): 187.75, (51
     , -52): 189.25, (51
     , -51): 188.75, (50
     , -52): 190.25, (50
     , -51): 189.75, (49
     , -52): 191.25, (49
     , -51): 190.75, (48
     , -52): 192.25, (48
     , -51): 191.75, (47
     , -52): 193.25, (47
     , -51): 192.75, (46
     , -52): 194.25, (46
     , -51): 193.75, (45
     , -52): 195.25, (45
     , -51): 194.75, (44
     , -52): 196.25, (44
     , -51): 195.75, (43
     , -52): 197.25, (43
     , -51): 196.75, (42
     , -52): 198.25, (42
     , -51): 197.75, (41
     , -52): 199.25, (41
     , -51): 198.75, (40
     , -52): 200.25, (40
     , -51): 199.75, (39
     , -52): 201.25, (39
     , -51): 200.75, (38
     , -52): 202.25, (38
     , -51): 201.75, (37
     , -52): 203.25, (37
     , -51): 202.75, (36
     , -52): 204.25, (36
     , -51): 203.75, (35
     , -52): 205.25, (35
     , -51): 204.75, (34
     , -52): 206.25, (34
     , -51): 205.75, (33
     , -52): 207.25, (33
     , -51): 206.75, (32
     , -52): 208.25, (32
     , -51): 207.75, (31
     , -52): 209.25, (31
     , -51): 208.75, (30
     , -52): 210.25, (30
     , -51): 209.75, (29
     , -52): 211.25, (29
     , -51): 210.75, (28
     , -52): 212.25, (28
     , -51): 211.75, (27
     , -52): 213.25, (27
     , -51): 212.75, (26
     , -52): 214.25, (26
     , -51): 213.75, (25
     , -52): 215.25, (25
     , -51): 214.75, (24
     , -52): 216.25, (24
     , -51): 215.75, (23
     , -52): 217.25, (23
     , -51): 216.75, (22
     , -52): 218.25, (22
     , -51): 217.75, (21
     , -52): 219.25, (21
     , -51): 218.75, (20
     , -52): 220.25, (20
     , -51): 219.75, (19
     , -52): 221.25, (19
     , -51): 220.75, (19
     , -50): 221.25, (19
     , -49): 222.25, (19
     , -48): 223.25, (19
     , -47): 224.25, (19
     , -46): 225.25, (19
     , -45): 226.25, (19
     , -44): 227.25, (19
     , -43): 228.25, (19
     , -42): 229.25, (19
     , -41): 230.25, (19
     , -40): 231.25, (20
     , -39): 232.75, (21
     , -38): 234.25, (22
     , -37): 235.75, (23
     , -36): 237.25, (24
     , -35): 238.75, (25
     , -34): 240.25, (26
     , -33): 241.75, (27
     , -32): 243.25, (28
     , -31): 244.75, (29
     , -30): 246.25, (30
     , -29): 247.75, (31
     , -28): 249.25, (32
     , -27): 250.75, (33
     , -26): 252.25, (34
     , -25): 253.75, (35
     , -24): 255.25, (36
     , -23): 256.75, (37
     , -22): 258.25, (38
     , -21): 259.75, (39
     , -20): 261.25, (40
     , -19): 262.75, (41
     , -18): 264.25, (42
     , -17): 265.75, (43
     , -16): 267.25, (44
     , -15): 268.75, (45
     , -14): 270.25, (46
     , -13): 271.75, (47
     , -12): 273.25}
max_cost: 3.0
